$ 1 0.000005 10.20027730826997 50 5 43 5e-11
a 928 176 1056 176 8 12 -12 1000000 7.446843914314708 7.446859907064509 100000
t 656 256 704 256 0 1 -7.565242667875747 0.5066381937927238 100 default
t 816 256 768 256 0 1 -7.605303734874392 0.5031766022603926 100 default
w 704 240 704 160 0
w 768 240 768 192 0
r 768 192 928 192 0 10000
r 704 160 928 160 0 10000
w 704 272 704 320 0
w 736 320 768 320 0
w 768 320 768 272 0
w 704 320 736 320 0
r 704 160 704 48 0 100000
r 768 192 768 48 0 100000
w 704 48 736 48 0
w 768 48 736 48 0
R 736 48 736 0 0 0 40 12 0 0 0.5
r 736 320 736 448 0 10000
w 576 448 736 448 0
r 928 192 928 288 0 470000
g 928 288 928 304 0 0
g 816 256 816 304 0 0
r 656 256 656 336 0 220
g 656 336 656 352 0 0
r 1504 192 1360 192 0 100000
R 320 192 256 144 0 4 300 5 0 0 0.5
x 572 231 656 234 4 14 VCA\sAudio\sIn
r 368 528 224 528 0 200000
r 928 96 1056 96 0 470000
w 928 96 928 160 0
w 1056 96 1056 176 0
c 928 32 1056 32 0 4.7e-11 5.847568934176178 0.001
w 928 32 928 96 0
w 1056 32 1056 96 0
w 1728 208 1760 176 0
a 448 448 576 448 8 12 -12 1000000 0.000011114944234253605 0 100000
r 448 368 576 368 0 33000
w 448 368 448 432 0
w 576 368 576 448 0
r 368 432 256 432 0 200000
g 448 464 448 592 0 0
R 256 432 208 400 0 0 40 7 0 0 0.5
x 557 474 655 477 4 14 Vout\qV(\p)\s-\sV(-)
x 196 385 223 388 4 14 Bias
a 1504 208 1632 208 8 12 -12 1000000 -0.000012252137238155966 0 100000
x 438 108 552 111 4 14 Channel\s1-2\smixer
g 1504 224 1504 256 0 0
r 1504 128 1632 128 0 100000
w 1632 128 1632 208 0
w 1504 128 1504 192 0
r 432 192 320 192 0 100000
w 432 192 432 256 0
r 432 256 320 256 0 100000
R 320 256 256 208 0 4 250 5 0 0 0.5
w 432 144 432 192 0
x 434 133 484 136 4 14 Audio\sin
w 368 432 368 528 0
w 368 432 448 432 0
a -64 528 64 528 8 12 -12 1000000 0.0000027846400341398974 0 100000
r -64 512 -176 512 0 20000
g -64 544 -64 592 0 0
174 -64 464 64 464 1 100000 0.6881 Threshold
w 0 448 0 432 0
w 0 432 64 432 0
w 64 432 64 464 0
w 64 464 64 528 0
w -64 464 -64 512 0
w 160 528 160 464 2
34 5.1 1 1.7143528192810002e-7 0 2.0000000000000084 5.1 1
z 160 528 160 592 2 5.1
g 160 592 160 624 0 0
r 64 528 160 528 0 10000
w 160 528 224 528 0
x -32 591 122 594 4 14 Peak\samp\swith\smax\s5.1V
a -400 512 -288 512 8 15 -15 1000000 0.08094066810290984 0 100000
d -288 512 -240 512 2 default
c -240 512 -240 576 0 0.00001 0.08094066810290984 0.001
g -240 576 -240 592 0 0
r -176 512 -176 576 0 10000
g -176 576 -176 592 0 0
w -176 512 -240 512 0
w -240 512 -240 448 0
w -240 448 -400 448 0
w -400 448 -400 496 0
s -496 528 -400 528 0 1 true
R -496 528 -544 480 0 4 400 1.7 0 0 0.5
w -176 512 -176 464 2
a 1248 192 1360 192 8 15 -15 1000000 0.000012252382280900732 0 100000
r 1184 176 1056 176 0 100000
w 1184 176 1248 176 0
w 1184 176 1184 688 0
r 1184 688 -496 688 0 100000
w -496 528 -496 688 0
g 1248 208 1248 240 0 0
r 1248 112 1360 112 0 100000
w 1360 112 1360 192 0
w 1248 112 1248 176 0
r 1632 208 1728 208 0 1000
w 432 256 656 256 0
x 58 250 285 253 4 14 Needs\schannel\svolume\scontrols\shere
x -502 710 -282 713 4 14 Needs\schannel\svolume\scontrol\shere
x 1514 102 1715 105 4 14 Needs\smain\svolume\scontrol\shere
o 33 16 3 4354 0.039061328011844955 0.0001 0 4 24 3 53 0 53 3
o 84 16 0 4098 2.5 0.1 1 2 84 3
o 33 16 0 4098 20 0.1 2 2 33 3
