$ 1 0.000005 3.7524723159601 50 5 50 5e-11
r 576 400 576 512 0 100000
g 688 416 688 448 0 0
c 736 144 640 144 0 0.000001 0.00876208582005019 0.001
174 544 256 592 336 1 100000 0.9950000000000001 Volume
g 544 256 512 256 0 0
R 544 352 336 352 0 4 400 5 0 0 0.5
r 928 320 1056 320 0 100000
162 832 512 832 592 2 default-led 1 0 0 0.01
162 896 592 896 512 2 default-led 1 0 0 0.01
w 1056 384 1120 384 0
w 1056 384 1056 320 1
w 1056 464 1120 464 0
a 800 320 928 320 9 12 -12 1000000 2.706372958092627 2.706400021822208 100000
w 800 336 800 400 0
174 1056 560 1008 480 1 100000 0.8960000000000001 Drive
w 928 320 928 400 0
g 1056 560 1056 608 0 0
w 800 304 592 304 0
w 1056 320 1072 256 0
w 800 400 928 400 0
w 1008 560 1008 512 0
w 1008 464 1056 464 0
a 1216 336 1344 336 9 12 -12 1000000 0.4828976388376211 0.4829203529117442 100000
w 1216 320 1056 320 0
r 1216 416 1344 416 0 100000
w 1216 352 1216 416 0
w 1344 336 1344 416 0
r 1216 416 1216 528 0 27000
g 1216 528 1216 576 0 0
w 1344 336 1376 288 0
d 1056 384 1056 464 2 default
d 1120 464 1120 384 2 default
w 1008 560 1056 560 0
o 5 8 0 x81012 5 0.1 0 2 1 -1 5 3 0.05 0
o 18 8 0 x81012 1.25 0.1 1 2 1 0 18 3 0.05 0
o 29 8 0 x81012 5 0.1 2 2 1 0 29 3 0.05 0
